1000
52 69 42
1 13 64
16 46 80
30 17 52
46 4 73
56 6 32
89 21 73
93 54 6
65 70 12
75 93 5
69 25 52
94 30 67
67 43 16
93 68 55
17 6 40
87 63 13
13 15 75
41 85 26
16 66 96
77 89 85
46 100 56
57 76 73
10 37 85
91 77 4
74 73 98
5 98 52
91 10 23
58 36 22
98 4 46
79 48 79
86 22 44
5 5 86
86 41 9
85 12 5
96 31 25
99 26 64
21 84 62
65 77 76
89 8 11
13 45 52
27 23 72
42 58 87
42 12 84
99 92 60
59 98 12
92 55 47
48 48 69
96 97 9
33 56 65
29 37 5
97 58 73
31 9 97
100 89 79
1 54 73
10 19 4
41 5 75
84 32 46
100 91 18
6 90 7
45 38 11
25 17 18
13 64 55
48 69 67
8 64 34
59 72 79
20 2 14
30 29 57
19 32 19
82 70 56
9 10 84
25 18 17
58 91 89
72 15 93
39 62 19
91 22 82
99 60 89
54 36 40
57 98 14
33 35 34
84 98 55
53 28 74
60 81 83
31 32 20
56 30 6
55 94 27
21 66 14
31 47 82
59 8 29
90 16 86
39 39 55
51 61 95
4 64 27
29 25 59
71 75 75
32 94 82
38 18 100
94 30 1
44 7 12
2 57 53
34 59 57
57 27 68
37 87 8
33 36 11
25 93 2
80 60 28
31 9 89
20 73 91
69 91 72
28 96 15
33 39 73
94 24 53
88 98 52
78 21 43
46 13 67
52 71 98
100 97 2
30 25 5
57 10 21
61 65 100
13 55 55
61 95 87
16 88 96
54 12 86
93 85 66
62 67 78
58 63 62
74 83 52
80 5 56
33 20 79
13 21 19
68 47 78
47 27 41
18 13 17
10 34 82
11 10 80
45 70 62
82 97 70
55 99 81
31 46 91
84 90 1
32 46 61
28 89 30
49 47 74
99 61 22
1 81 66
39 81 80
31 83 25
58 90 100
83 41 63
22 84 76
30 44 90
9 78 90
36 32 85
50 91 58
77 75 10
16 58 27
4 92 13
62 46 1
38 31 43
46 25 23
55 48 15
78 22 46
38 3 52
74 92 31
57 14 13
81 64 70
5 97 10
7 29 86
1 97 39
56 56 52
30 65 81
7 34 65
95 82 27
34 78 66
18 89 10
92 33 47
80 22 42
53 76 77
15 48 19
100 98 41
64 20 30
95 29 87
65 89 98
15 70 53
47 1 94
37 87 64
62 44 84
23 68 11
37 65 24
84 79 48
79 67 41
91 54 60
31 43 35
64 76 28
82 45 77
60 83 20
95 22 15
6 27 73
10 67 92
36 98 27
84 1 80
77 18 99
39 68 98
4 47 1
14 78 60
54 53 91
59 89 41
80 74 70
20 60 75
100 89 76
5 95 26
20 24 95
37 26 33
21 88 44
37 13 100
9 100 8
88 76 98
90 48 65
19 77 96
22 20 89
51 37 95
6 26 84
17 32 44
54 84 77
25 12 74
56 44 57
76 10 62
12 55 55
82 93 96
38 68 94
7 54 41
51 66 33
21 57 20
100 90 10
98 85 64
95 11 94
6 37 12
38 36 53
0 71 40
22 95 30
5 36 8
19 80 12
53 80 34
56 65 95
3 89 85
5 77 3
27 63 72
23 3 100
70 35 40
87 66 72
82 35 76
92 10 71
0 65 91
4 95 82
37 21 1
86 33 83
0 30 70
70 100 38
74 32 14
26 57 61
67 48 15
14 98 61
47 8 15
15 28 37
83 98 82
86 75 33
47 52 75
50 22 62
28 46 55
99 41 62
22 4 96
0 2 42
25 65 34
10 33 33
28 37 95
66 69 9
79 7 62
75 37 68
24 60 67
13 62 100
2 9 3
97 44 60
67 73 45
74 86 67
73 94 6
16 58 42
55 80 45
82 56 91
20 14 88
2 59 23
67 23 25
90 93 62
87 20 40
24 66 29
97 40 88
38 42 11
39 5 87
99 10 38
4 8 40
48 62 3
3 83 27
82 65 54
82 55 91
69 74 98
51 39 32
1 23 57
47 66 68
57 59 38
76 27 10
18 95 60
8 100 13
19 7 99
90 77 46
67 60 99
42 35 78
24 89 95
50 66 61
88 93 40
41 54 55
22 54 16
4 47 5
58 18 38
68 13 87
63 97 5
59 78 24
17 79 13
59 22 76
20 73 83
13 82 4
19 61 77
2 21 41
62 57 13
72 36 27
45 54 78
84 58 8
33 60 68
6 74 32
19 32 69
21 52 78
76 41 73
68 76 65
19 25 7
97 48 53
99 58 92
70 35 42
6 54 76
21 94 36
19 90 69
1 87 71
86 15 32
74 98 45
42 63 85
80 25 64
20 98 70
83 89 31
66 75 25
1 7 59
48 55 54
11 45 87
52 44 12
60 29 94
17 81 100
45 94 28
16 39 79
53 89 74
65 69 32
98 96 13
58 20 9
47 74 14
50 20 90
13 99 9
0 27 62
79 94 60
21 28 21
69 11 77
47 66 45
47 39 84
77 46 25
5 4 81
24 84 57
87 63 16
13 63 44
60 81 24
35 99 22
84 30 23
98 42 24
4 87 25
14 58 26
83 39 80
5 19 45
12 8 16
0 55 55
44 65 58
12 3 26
78 23 25
70 70 72
34 54 33
32 10 75
23 66 83
39 42 75
75 63 74
78 71 68
81 13 32
2 20 12
16 20 69
10 32 14
15 19 12
63 75 34
84 63 23
36 69 53
94 54 91
37 77 96
68 63 40
26 54 1
32 98 7
64 16 62
13 68 39
19 87 86
84 70 75
7 62 58
12 39 71
83 83 38
85 96 27
76 21 60
78 56 13
34 16 89
5 47 66
80 15 95
19 53 6
28 53 36
3 53 40
53 61 85
60 52 78
18 75 8
50 78 61
23 79 47
51 72 5
28 95 98
12 33 57
91 63 31
81 38 43
82 32 14
20 18 1
98 13 29
69 77 100
22 21 46
27 81 7
25 54 15
61 56 2
27 65 77
32 38 20
87 37 94
20 71 63
23 8 13
94 7 87
57 26 71
58 16 65
67 3 26
1 90 31
98 85 38
39 5 38
85 74 65
82 77 39
57 41 42
95 59 36
33 69 55
93 91 57
19 15 33
100 1 1
73 5 80
75 2 67
57 92 78
45 62 57
61 89 91
94 20 21
100 87 47
21 80 63
51 76 26
96 10 58
30 64 56
57 64 92
7 52 70
59 19 85
74 77 38
77 97 48
47 92 81
39 12 84
41 98 74
10 5 43
68 45 5
38 15 17
12 72 83
41 88 72
31 37 19
41 85 37
56 80 4
7 84 22
66 22 24
29 90 66
43 19 26
32 67 10
14 65 87
60 4 61
26 92 27
35 62 33
69 18 21
100 31 47
25 47 39
74 9 58
6 90 18
90 47 68
28 95 81
20 46 63
0 39 48
72 73 82
54 70 59
42 62 90
38 96 19
49 43 41
32 15 55
90 22 23
83 81 21
90 67 82
13 69 20
35 16 42
14 12 58
16 5 23
73 43 35
32 14 83
100 6 31
28 75 45
66 15 25
19 71 93
70 15 34
68 6 13
24 26 19
4 38 5
25 63 58
85 16 71
100 55 38
70 59 36
47 85 3
52 68 11
100 31 11
44 52 32
25 69 7
30 61 23
82 2 69
5 66 37
37 59 59
94 30 5
56 91 37
37 2 41
9 72 95
75 18 15
32 71 93
21 99 3
97 40 45
26 20 90
68 31 60
62 24 38
20 60 5
14 30 25
50 82 26
79 20 6
32 68 96
23 76 96
12 65 66
21 6 39
1 12 64
20 56 69
77 67 94
40 67 34
52 27 3
8 87 8
6 57 10
19 57 99
13 64 42
14 81 78
100 26 16
99 99 99
97 24 78
23 60 91
51 22 21
93 8 68
35 97 48
100 18 7
12 88 91
57 75 18
86 25 64
43 99 74
45 24 7
50 22 86
18 28 91
64 85 30
44 88 41
73 6 68
93 62 88
50 36 93
68 23 60
45 12 15
34 14 7
55 93 15
34 74 94
53 5 47
83 45 78
67 1 56
0 32 79
67 58 20
30 64 33
95 95 17
54 8 62
57 76 70
47 25 9
29 2 60
76 78 55
17 63 22
84 18 41
74 86 76
4 99 54
64 70 73
67 43 20
99 70 27
100 54 94
91 25 16
11 99 88
24 57 38
2 93 86
6 54 76
84 63 8
59 46 2
88 7 40
94 73 33
99 77 4
67 56 15
19 95 1
11 69 57
91 35 47
26 26 94
100 91 95
1 42 57
16 93 89
35 29 87
8 59 6
82 20 52
100 45 18
49 79 11
46 18 82
1 23 28
0 44 99
70 25 2
87 57 12
90 58 66
68 88 5
84 71 12
63 47 47
62 17 79
73 91 41
8 78 93
98 83 39
40 29 7
67 7 97
38 4 1
3 75 98
84 93 54
75 30 25
70 57 74
97 18 34
73 81 87
42 8 52
57 66 7
34 29 29
15 81 30
88 27 3
32 96 39
74 3 72
10 55 27
93 40 71
11 78 3
21 89 97
79 91 11
87 37 39
61 30 32
35 73 75
38 55 3
4 1 83
96 33 27
75 40 70
64 82 82
26 63 84
80 70 89
99 62 71
52 23 15
79 100 64
70 29 55
55 83 24
73 94 45
92 3 36
46 26 68
94 62 11
24 64 84
94 53 82
19 54 59
73 32 97
43 58 83
93 79 38
25 74 22
7 52 33
34 67 6
84 79 64
99 8 69
96 28 17
61 71 58
71 81 41
19 78 93
52 79 95
14 63 94
59 75 32
71 35 27
33 6 28
75 18 61
7 55 85
84 98 25
56 22 38
39 68 89
8 13 21
16 12 2
6 74 68
97 7 12
66 90 100
51 34 61
57 75 37
51 52 94
75 71 84
1 73 59
16 66 92
79 4 33
86 82 81
89 86 90
86 23 47
58 27 76
45 39 5
47 88 38
34 92 25
37 73 10
35 43 32
22 34 52
92 82 14
19 23 85
99 91 5
60 98 27
20 94 40
56 61 7
73 35 23
84 24 17
20 62 88
57 48 78
81 64 71
62 48 83
99 35 58
97 69 86
34 99 40
22 15 99
58 20 22
98 29 77
65 39 45
44 5 97
81 14 29
61 11 30
63 5 13
17 43 82
0 68 90
91 74 34
27 97 67
57 58 89
4 99 34
99 92 73
7 33 36
60 86 100
41 12 92
8 90 85
20 41 6
37 54 52
55 32 37
35 45 55
100 76 79
61 63 52
56 92 59
28 58 46
87 70 20
99 8 47
56 84 29
34 26 6
70 87 37
96 44 13
8 44 91
85 93 63
37 33 85
34 15 71
86 54 55
87 21 91
38 87 35
79 13 6
21 53 4
69 62 92
1 69 27
75 97 59
39 72 57
2 96 76
57 87 8
30 15 68
5 47 9
43 89 76
17 17 24
56 43 8
59 83 100
79 31 94
34 98 65
45 61 96
40 76 92
39 62 18
84 53 47
26 2 42
87 37 36
7 13 7
0 92 67
13 9 61
77 31 9
2 98 62
74 29 63
33 12 86
47 12 95
21 63 84
41 26 27
87 22 56
10 22 75
65 77 89
100 70 91
55 68 37
98 23 27
55 82 21
100 66 13
57 38 52
95 21 59
26 4 85
82 89 7
57 28 81
79 26 26
43 97 35
91 24 30
97 61 94
32 27 27
33 34 86
67 45 84
17 73 94
71 76 48
68 55 29
12 72 15
7 68 97
35 64 17
53 90 67
79 69 11
7 84 93
31 15 100
97 81 53
38 91 22
97 37 34
29 21 89
81 88 84
85 71 33
19 8 1
81 8 37
37 29 63
71 87 7
6 23 99
78 28 94
35 71 80
61 58 61
77 23 24
53 48 96
80 2 41
33 29 79
56 83 72
47 27 8
34 68 35
72 40 83
17 8 18
3 19 75
30 74 67
24 29 11
16 86 48
84 5 4
54 13 86
3 96 47
75 28 25
61 11 97
52 96 17
74 76 22
16 20 13
54 93 10
8 61 3
9 67 98
46 74 16
50 22 39
92 31 9
93 62 100
2 1 3
10 34 81
21 61 42
52 68 7
65 77 35
82 24 95
12 24 3
53 97 9
75 9 23
79 87 63
22 97 31
96 46 9
50 42 68
29 75 87
35 55 45
73 100 14
11 99 92
100 47 93
53 86 23
70 91 100
28 12 87
99 70 86
34 21 80
77 46 98
97 82 93
71 28 11
61 6 25
29 35 24
52 29 5
76 47 70
73 29 39
51 9 46
76 85 40
41 31 52
21 26 87
40 29 19
78 13 34
52 56 84
11 45 47
22 14 70
10 72 100
79 46 84
36 98 30
77 91 2
49 78 52
23 5 33
28 43 83
28 13 37
23 7 39
42 93 80
36 87 6
38 13 28
51 65 58
90 14 81
44 68 69
88 17 98
30 9 85
32 47 87
6 53 79
73 4 82
20 56 46
62 18 5
25 61 69
72 84 72
15 40 98
12 7 78
38 8 35
75 68 11
16 48 34
40 9 35
23 34 79
7 21 17
93 94 28
8 31 78
96 23 25
16 96 54
85 33 65
70 93 6
84 79 77
65 83 43
38 20 36
92 40 17
19 77 72
88 17 100
25 76 48
8 67 44
6 56 93
35 68 35
85 73 70
17 89 70
67 77 35
36 65 62
13 35 36
42 65 78
